"S21 Log Mag"
"Freq (Hz)","dB",
1000000000, 3.674611e-02,
1027500000, 3.629946e-02,
1055000000, 3.531771e-02,
1082500000, 3.359963e-02,
1110000000, 3.047451e-02,
1137500000, 2.899674e-02,
1165000000, 3.140956e-02,
1192500000, 3.135353e-02,
1220000000, 3.111709e-02,
1247500000, 2.912788e-02,
1275000000, 2.983852e-02,
1302500000, 2.797064e-02,
1330000000, 2.948013e-02,
1357500000, 2.949864e-02,
1385000000, 2.923998e-02,
1412500000, 2.906874e-02,
1440000000, 2.957320e-02,
1467500000, 2.865576e-02,
1495000000, 2.959686e-02,
1522500000, 2.857810e-02,
1550000000, 2.880954e-02,
1577500000, 2.905999e-02,
1605000000, 2.848244e-02,
1632500000, 2.987452e-02,
1660000000, 2.983852e-02,
1687500000, 2.836568e-02,
1715000000, 2.864548e-02,
1742500000, 2.919370e-02,
1770000000, 2.846598e-02,
1797500000, 2.834871e-02,
1825000000, 2.747062e-02,
1852500000, 2.832196e-02,
1880000000, 2.832916e-02,
1907500000, 2.829110e-02,
1935000000, 2.891240e-02,
1962500000, 2.940865e-02,
1990000000, 2.804574e-02,
2017500000, 2.913713e-02,
2045000000, 2.747731e-02,
2072500000, 2.907748e-02,
2100000000, 2.903274e-02,
2127500000, 2.866811e-02,
2155000000, 2.845775e-02,
2182500000, 2.951870e-02,
2210000000, 2.922713e-02,
2237500000, 2.843306e-02,
2265000000, 2.948784e-02,
2292500000, 2.790326e-02,
2320000000, 2.730342e-02,
2347500000, 2.879925e-02,
2375000000, 2.885943e-02,
2402500000, 2.747988e-02,
2430000000, 2.712644e-02,
2457500000, 2.822577e-02,
2485000000, 2.944054e-02,
2512500000, 2.837082e-02,
2540000000, 2.950533e-02,
2567500000, 2.959377e-02,
2595000000, 2.828647e-02,
2622500000, 2.904508e-02,
2650000000, 2.800562e-02,
2677500000, 2.843152e-02,
2705000000, 2.662066e-02,
2732500000, 2.754007e-02,
2760000000, 2.733943e-02,
2787500000, 2.686146e-02,
2815000000, 2.741146e-02,
2842500000, 2.908057e-02,
2870000000, 2.959480e-02,
2897500000, 2.773247e-02,
2925000000, 2.925335e-02,
2952500000, 3.007915e-02,
2980000000, 2.732400e-02,
3007500000, 2.826538e-02,
3035000000, 2.876171e-02,
3062500000, 2.876942e-02,
3090000000, 2.955315e-02,
3117500000, 3.017787e-02,
3145000000, 2.939477e-02,
3172500000, 2.810335e-02,
3200000000, 2.807455e-02,
3227500000, 2.986886e-02,
3255000000, 2.802414e-02,
3282500000, 2.908519e-02,
3310000000, 3.103484e-02,
3337500000, 2.795675e-02,
3365000000, 2.918136e-02,
3392500000, 3.003699e-02,
3420000000, 3.057579e-02,
3447500000, 2.992645e-02,
3475000000, 2.902708e-02,
3502500000, 2.910011e-02,
3530000000, 2.995010e-02,
3557500000, 2.829984e-02,
3585000000, 2.836105e-02,
3612500000, 2.830910e-02,
3640000000, 2.856833e-02,
3667500000, 2.839603e-02,
3695000000, 2.830036e-02,
3722500000, 2.812650e-02,
3750000000, 2.949042e-02,
3777500000, 2.672563e-02,
3805000000, 2.848089e-02,
3832500000, 2.879411e-02,
3860000000, 3.024779e-02,
3887500000, 2.906719e-02,
3915000000, 2.807815e-02,
3942500000, 2.930941e-02,
3970000000, 3.019997e-02,
3997500000, 2.781581e-02,
4025000000, 2.834305e-02,
4052500000, 2.859404e-02,
4080000000, 2.860742e-02,
4107500000, 3.017992e-02,
4135000000, 2.979688e-02,
4162500000, 2.757351e-02,
4190000000, 3.057939e-02,
4217500000, 2.960354e-02,
4245000000, 2.884554e-02,
4272500000, 2.887794e-02,
4300000000, 3.017221e-02,
4327500000, 2.979688e-02,
4355000000, 2.876531e-02,
4382500000, 2.946676e-02,
4410000000, 2.907954e-02,
4437500000, 2.896485e-02,
4465000000, 2.862285e-02,
4492500000, 2.920039e-02,
4520000000, 2.914536e-02,
4547500000, 2.930838e-02,
4575000000, 2.882188e-02,
4602500000, 2.789091e-02,
4630000000, 2.912839e-02,
4657500000, 2.966062e-02,
4685000000, 2.726175e-02,
4712500000, 2.901371e-02,
4740000000, 2.735075e-02,
4767500000, 2.786159e-02,
4795000000, 3.006116e-02,
4822500000, 2.965959e-02,
4850000000, 2.874731e-02,
4877500000, 2.811107e-02,
4905000000, 2.758843e-02,
4932500000, 2.861976e-02,
4960000000, 2.891137e-02,
4987500000, 2.891291e-02,
5015000000, 2.859147e-02,
5042500000, 2.858324e-02,
5070000000, 2.893400e-02,
5097500000, 2.780089e-02,
5125000000, 2.745519e-02,
5152500000, 2.915925e-02,
5180000000, 2.815531e-02,
5207500000, 2.664278e-02,
5235000000, 2.805963e-02,
5262500000, 2.646732e-02,
5290000000, 2.801591e-02,
5317500000, 2.805140e-02,
5345000000, 2.808381e-02,
5372500000, 2.946779e-02,
5400000000, 2.820263e-02,
5427500000, 2.855856e-02,
5455000000, 2.932535e-02,
5482500000, 2.784821e-02,
5510000000, 2.752618e-02,
5537500000, 2.797578e-02,
5565000000, 2.798813e-02,
5592500000, 2.860073e-02,
5620000000, 2.868508e-02,
5647500000, 2.779729e-02,
5675000000, 2.851844e-02,
5702500000, 2.885583e-02,
5730000000, 2.784307e-02,
5757500000, 2.741557e-02,
5785000000, 2.797476e-02,
5812500000, 2.802980e-02,
5840000000, 2.889080e-02,
5867500000, 2.821960e-02,
5895000000, 2.774996e-02,
5922500000, 2.879308e-02,
5950000000, 2.889131e-02,
5977500000, 2.864702e-02,
6005000000, 2.701633e-02,
6032500000, 2.830036e-02,
6060000000, 2.819851e-02,
6087500000, 2.755499e-02,
6115000000, 2.805706e-02,
6142500000, 2.762290e-02,
6170000000, 2.604483e-02,
6197500000, 2.777671e-02,
6225000000, 2.688513e-02,
6252500000, 2.579780e-02,
6280000000, 2.751744e-02,
6307500000, 2.755653e-02,
6335000000, 2.772733e-02,
6362500000, 2.877714e-02,
6390000000, 2.841043e-02,
6417500000, 2.649099e-02,
6445000000, 2.494443e-02,
6472500000, 2.870102e-02,
6500000000, 2.732657e-02,
6527500000, 2.517760e-02,
6555000000, 2.708528e-02,
6582500000, 2.502730e-02,
6610000000, 2.493362e-02,
6637500000, 2.713312e-02,
6665000000, 2.644262e-02,
6692500000, 2.675032e-02,
6720000000, 2.848604e-02,
6747500000, 2.925284e-02,
6775000000, 2.724580e-02,
6802500000, 2.726586e-02,
6830000000, 2.862285e-02,
6857500000, 2.545503e-02,
6885000000, 2.741300e-02,
6912500000, 2.550341e-02,
6940000000, 2.786519e-02,
6967500000, 2.549878e-02,
6995000000, 2.782764e-02,
7022500000, 2.927855e-02,
7050000000, 2.728078e-02,
7077500000, 2.764450e-02,
7105000000, 2.815325e-02,
7132500000, 2.956909e-02,
7160000000, 2.824995e-02,
7187500000, 2.552246e-02,
7215000000, 2.620848e-02,
7242500000, 2.860433e-02,
7270000000, 2.709608e-02,
7297500000, 2.624090e-02,
7325000000, 2.405175e-02,
7352500000, 2.587500e-02,
7380000000, 2.414031e-02,
7407500000, 2.621002e-02,
7435000000, 2.318618e-02,
7462500000, 2.432359e-02,
7490000000, 2.715885e-02,
7517500000, 2.603711e-02,
7545000000, 2.506076e-02,
7572500000, 2.561767e-02,
7600000000, 2.570620e-02,
7627500000, 2.439051e-02,
7655000000, 2.670247e-02,
7682500000, 2.614312e-02,
7710000000, 2.400696e-02,
7737500000, 2.331698e-02,
7765000000, 2.301830e-02,
7792500000, 2.237916e-02,
7820000000, 2.382418e-02,
7847500000, 2.215047e-02,
7875000000, 2.115470e-02,
7902500000, 2.016591e-02,
7930000000, 1.975260e-02,
7957500000, 1.734928e-02,
7985000000, 1.305846e-02,
8012500000, 1.222064e-02,
8040000000, 7.696840e-03,
8067500000, 2.106607e-03,
8095000000, -5.724052e-03,
8122500000, -1.375063e-02,
8150000000, -2.709558e-02,
8177500000, -4.135209e-02,
8205000000, -5.377940e-02,
8232500000, -4.205749e-02,
8260000000, -2.439759e-02,
8287500000, 2.740734e-02,
8315000000, 7.294871e-02,
8342500000, 1.124566e-01,
8370000000, 1.132132e-01,
8397500000, 9.979267e-02,
8425000000, 8.401760e-02,
8452500000, 7.513320e-02,
8480000000, 6.303753e-02,
8507500000, 5.509830e-02,
8535000000, 4.842621e-02,
8562500000, 4.589681e-02,
8590000000, 4.079409e-02,
8617500000, 3.686777e-02,
8645000000, 3.865435e-02,
8672500000, 3.470452e-02,
8700000000, 3.214861e-02,
8727500000, 3.463929e-02,
8755000000, 3.288548e-02,
8782500000, 3.264039e-02,
8810000000, 2.992285e-02,
8837500000, 2.861359e-02,
8865000000, 3.032234e-02,
8892500000, 2.847575e-02,
8920000000, 2.828904e-02,
8947500000, 2.673077e-02,
8975000000, 2.673900e-02,
9002500000, 2.898388e-02,
9030000000, 2.800768e-02,
9057500000, 2.831682e-02,
9085000000, 2.618018e-02,
9112500000, 2.705441e-02,
9140000000, 2.744850e-02,
9167500000, 2.620642e-02,
9195000000, 2.733532e-02,
9222500000, 2.588941e-02,
9250000000, 2.578288e-02,
9277500000, 2.674518e-02,
9305000000, 2.714650e-02,
9332500000, 2.925593e-02,
9360000000, 2.518224e-02,
9387500000, 2.845466e-02,
9415000000, 2.735332e-02,
9442500000, 2.567223e-02,
9470000000, 2.750612e-02,
9497500000, 2.808741e-02,
9525000000, 2.611842e-02,
9552500000, 2.811107e-02,
9580000000, 2.873702e-02,
9607500000, 2.608703e-02,
9635000000, 2.607468e-02,
9662500000, 2.594911e-02,
9690000000, 2.655531e-02,
9717500000, 2.553172e-02,
9745000000, 2.701788e-02,
9772500000, 2.736927e-02,
9800000000, 2.508444e-02,
9827500000, 2.708528e-02,
9855000000, 2.770675e-02,
9882500000, 2.560378e-02,
9910000000, 2.516113e-02,
9937500000, 2.695305e-02,
9965000000, 2.455474e-02,
9992500000, 2.650900e-02,
10020000000, 2.736516e-02,
10047500000, 2.601395e-02,
10075000000, 2.593316e-02,
10102500000, 2.655479e-02,
10130000000, 2.401417e-02,
10157500000, 2.550238e-02,
10185000000, 2.298431e-02,
10212500000, 2.807455e-02,
10240000000, 2.493722e-02,
10267500000, 2.338856e-02,
10295000000, 2.759203e-02,
10322500000, 2.374643e-02,
10350000000, 2.490685e-02,
10377500000, 2.521260e-02,
10405000000, 2.593933e-02,
10432500000, 2.326909e-02,
10460000000, 2.569590e-02,
10487500000, 2.740323e-02,
10515000000, 2.477146e-02,
10542500000, 2.372583e-02,
10570000000, 2.468653e-02,
10597500000, 2.388493e-02,
10625000000, 2.547768e-02,
10652500000, 2.415678e-02,
10680000000, 2.553326e-02,
10707500000, 2.193928e-02,
10735000000, 2.331595e-02,
10762500000, 2.684809e-02,
10790000000, 2.299049e-02,
10817500000, 2.447031e-02,
10845000000, 2.446877e-02,
10872500000, 2.356415e-02,
10900000000, 2.352450e-02,
10927500000, 2.391222e-02,
10955000000, 2.237298e-02,
10982500000, 2.214790e-02,
11010000000, 2.250999e-02,
11037500000, 2.319082e-02,
11065000000, 2.301985e-02,
11092500000, 2.243324e-02,
11120000000, 2.047612e-02,
11147500000, 2.171778e-02,
11175000000, 2.190992e-02,
11202500000, 2.171211e-02,
11230000000, 2.021229e-02,
11257500000, 2.063689e-02,
11285000000, 2.260887e-02,
11312500000, 2.031638e-02,
11340000000, 1.938564e-02,
11367500000, 2.218292e-02,
11395000000, 2.241161e-02,
11422500000, 2.033390e-02,
11450000000, 1.948151e-02,
11477500000, 2.110421e-02,
11505000000, 2.002110e-02,
11532500000, 1.915061e-02,
11560000000, 2.147669e-02,
11587500000, 1.993710e-02,
11615000000, 1.881813e-02,
11642500000, 2.233693e-02,
11670000000, 1.997781e-02,
11697500000, 1.852482e-02,
11725000000, 2.055496e-02,
11752500000, 1.730751e-02,
11780000000, 1.780819e-02,
11807500000, 1.993349e-02,
11835000000, 2.166266e-02,
11862500000, 1.718066e-02,
11890000000, 1.859235e-02,
11917500000, 1.812218e-02,
11945000000, 1.821807e-02,
11972500000, 1.704658e-02,
12000000000, 1.741838e-02,
12027500000, 1.448490e-02,
12055000000, 1.628896e-02,
12082500000, 1.984537e-02,
12110000000, 1.863823e-02,
12137500000, 1.745602e-02,
12165000000, 1.828870e-02,
12192500000, 1.903979e-02,
12220000000, 1.571074e-02,
12247500000, 1.705999e-02,
12275000000, 1.744880e-02,
12302500000, 1.689032e-02,
12330000000, 1.563129e-02,
12357500000, 1.594905e-02,
12385000000, 1.723790e-02,
12412500000, 1.465466e-02,
12440000000, 1.576490e-02,
12467500000, 1.601869e-02,
12495000000, 1.752615e-02,
12522500000, 1.599083e-02,
12550000000, 1.999791e-02,
12577500000, 1.905061e-02,
12605000000, 1.740703e-02,
12632500000, 1.756224e-02,
12660000000, 1.811960e-02,
12687500000, 1.982269e-02,
12715000000, 1.969952e-02,
12742500000, 1.895886e-02,
12770000000, 1.761277e-02,
12797500000, 1.797112e-02,
12825000000, 1.635911e-02,
12852500000, 1.693364e-02,
12880000000, 1.501428e-02,
12907500000, 1.440389e-02,
12935000000, 1.181948e-02,
12962500000, 1.243076e-02,
12990000000, 1.184220e-02,
13017500000, 1.044898e-02,
13045000000, 1.117095e-02,
13072500000, 8.024480e-03,
13100000000, 8.718955e-03,
13127500000, 9.326530e-03,
13155000000, 8.631119e-03,
13182500000, 6.977908e-03,
13210000000, 7.430161e-03,
13237500000, 7.537145e-03,
13265000000, 6.638816e-03,
13292500000, 4.755754e-03,
13320000000, 3.126934e-03,
13347500000, 3.778225e-03,
13375000000, 3.521652e-03,
13402500000, -3.696674e-04,
13430000000, -2.510946e-05,
13457500000, 3.608040e-03,
13485000000, 4.069084e-04,
13512500000, 1.742294e-03,
13540000000, -6.510809e-04,
13567500000, 2.132951e-04,
13595000000, -2.295139e-03,
13622500000, -8.794354e-04,
13650000000, -1.384602e-03,
13677500000, -2.389414e-03,
13705000000, -3.445559e-04,
13732500000, 5.896423e-04,
13760000000, -1.016143e-03,
13787500000, -2.077069e-03,
13815000000, -9.058445e-04,
13842500000, -2.577195e-03,
13870000000, -8.346438e-04,
13897500000, -2.700228e-03,
13925000000, 1.516891e-04,
13952500000, -3.520106e-03,
13980000000, -8.255820e-04,
14007500000, 1.763512e-03,
14035000000, -1.215516e-03,
14062500000, 1.394512e-03,
14090000000, 3.665459e-03,
14117500000, 2.841867e-03,
14145000000, 3.146593e-03,
14172500000, 5.850428e-03,
14200000000, 6.192684e-03,
14227500000, 3.908575e-03,
14255000000, 2.047098e-03,
14282500000, 4.123747e-03,
14310000000, 5.316652e-04,
14337500000, 1.956935e-04,
14365000000, 6.667714e-04,
14392500000, 1.370705e-03,
14420000000, -6.262267e-04,
14447500000, -3.839059e-04,
14475000000, -3.837219e-03,
14502500000, -5.195573e-03,
14530000000, -7.921829e-04,
14557500000, 7.775449e-04,
14585000000, -3.530210e-03,
14612500000, -2.616306e-03,
14640000000, -1.617139e-03,
14667500000, -4.563504e-03,
14695000000, -2.916516e-03,
14722500000, -3.442904e-03,
14750000000, -4.038017e-03,
14777500000, -6.539316e-03,
14805000000, -2.889576e-03,
14832500000, -3.411905e-04,
14860000000, -3.541350e-03,
14887500000, -3.965987e-03,
14915000000, -1.089159e-03,
14942500000, -3.694981e-03,
14970000000, -4.270177e-03,
14997500000, -1.626461e-03,
15025000000, -2.593513e-03,
15052500000, -2.392263e-03,
15080000000, -4.796935e-04,
15107500000, 8.448358e-04,
15135000000, 7.599455e-04,
15162500000, -1.304849e-03,
15190000000, 9.940098e-05,
15217500000, -1.797117e-03,
15245000000, -1.324787e-03,
15272500000, -3.569822e-04,
15300000000, 6.227717e-04,
15327500000, -2.058422e-03,
15355000000, 2.467267e-03,
15382500000, -9.703145e-04,
15410000000, 1.966888e-03,
15437500000, 1.419872e-03,
15465000000, 1.758337e-03,
15492500000, 3.476647e-03,
15520000000, 1.470298e-04,
15547500000, 2.943272e-03,
15575000000, 2.258222e-03,
15602500000, 9.959779e-04,
15630000000, 5.130156e-03,
15657500000, 2.906539e-03,
15685000000, 2.519527e-03,
15712500000, 3.534585e-03,
15740000000, 4.698867e-03,
15767500000, 4.735585e-03,
15795000000, 4.498204e-03,
15822500000, 4.562852e-03,
15850000000, 3.287826e-03,
15877500000, 4.139264e-03,
15905000000, 4.371492e-03,
15932500000, 3.841849e-03,
15960000000, 2.392757e-03,
15987500000, 8.080808e-03,
16015000000, 5.552096e-03,
16042500000, 1.379503e-03,
16070000000, 6.153910e-03,
16097500000, 3.089685e-03,
16125000000, 4.675595e-03,
16152500000, 5.166354e-03,
16180000000, 8.551547e-03,
16207500000, 4.846255e-03,
16235000000, 5.466781e-03,
16262500000, 8.188808e-03,
16290000000, 4.616120e-03,
16317500000, 4.617672e-03,
16345000000, 3.790640e-03,
16372500000, 5.015357e-03,
16400000000, 4.617672e-03,
16427500000, 3.486475e-03,
16455000000, 3.244370e-03,
16482500000, 5.340097e-03,
16510000000, 5.243402e-03,
16537500000, 6.964469e-03,
16565000000, 7.112297e-03,
16592500000, 6.591258e-03,
16620000000, 5.167905e-03,
16647500000, 3.473026e-03,
16675000000, 8.895140e-03,
16702500000, 5.887654e-03,
16730000000, 4.012542e-03,
16757500000, 7.650327e-03,
16785000000, 8.564982e-03,
16812500000, 5.722722e-03,
16840000000, 8.073056e-03,
16867500000, 4.848840e-03,
16895000000, 5.634825e-03,
16922500000, 7.462722e-03,
16950000000, 8.193458e-03,
16977500000, 9.082166e-03,
17005000000, 8.452856e-03,
17032500000, 5.269256e-03,
17060000000, 2.811859e-03,
17087500000, 5.179281e-03,
17115000000, 5.409386e-03,
17142500000, 7.473575e-03,
17170000000, 3.767363e-03,
17197500000, 8.960239e-03,
17225000000, 3.698565e-03,
17252500000, 4.380285e-03,
17280000000, 5.710830e-03,
17307500000, 4.292360e-03,
17335000000, 4.914517e-03,
17362500000, 3.344215e-03,
17390000000, 5.186004e-03,
17417500000, 4.177021e-03,
17445000000, 4.374078e-03,
17472500000, 6.597461e-03,
17500000000, 8.977287e-03,
17527500000, 4.523546e-03,
17555000000, 7.677201e-03,
17582500000, 6.809399e-03,
17610000000, 8.199659e-03,
17637500000, 6.875562e-03,
17665000000, 6.002430e-03,
17692500000, 9.969143e-03,
17720000000, 9.012420e-03,
17747500000, 1.293406e-02,
17775000000, 1.352608e-02,
17802500000, 1.042470e-02,
17830000000, 1.692849e-02,
17857500000, 9.590508e-03,
17885000000, 1.168369e-02,
17912500000, 1.321279e-02,
17940000000, 1.046034e-02,
17967500000, 1.241888e-02,
17995000000, 1.642513e-02,
18022500000, 1.363136e-02,
18050000000, 1.550284e-02,
18077500000, 1.347343e-02,
18105000000, 1.417117e-02,
18132500000, 1.253710e-02,
18160000000, 1.971086e-02,
18187500000, 1.928926e-02,
18215000000, 1.703936e-02,
18242500000, 1.498952e-02,
18270000000, 1.502460e-02,
18297500000, 1.237552e-02,
18325000000, 1.107438e-02,
18352500000, 1.415620e-02,
18380000000, 1.463557e-02,
18407500000, 1.612133e-02,
18435000000, 1.390282e-02,
18462500000, 1.513862e-02,
18490000000, 1.079035e-02,
18517500000, 1.916040e-02,
18545000000, 1.569010e-02,
18572500000, 1.384347e-02,
18600000000, 1.832273e-02,
18627500000, 1.538006e-02,
18655000000, 1.501325e-02,
18682500000, 1.569577e-02,
18710000000, 1.363343e-02,
18737500000, 9.154496e-03,
18765000000, 1.104753e-02,
18792500000, 1.793863e-02,
18820000000, 1.332169e-02,
18847500000, 1.554669e-02,
18875000000, 2.028701e-02,
18902500000, 1.693725e-02,
18930000000, 1.570403e-02,
18957500000, 1.502150e-02,
18985000000, 1.430585e-02,
19012500000, 1.508393e-02,
19040000000, 1.170021e-02,
19067500000, 1.535117e-02,
19095000000, 1.355033e-02,
19122500000, 1.227898e-02,
19150000000, 1.272449e-02,
19177500000, 1.601765e-02,
19205000000, 1.419387e-02,
19232500000, 1.885525e-02,
19260000000, 1.713270e-02,
19287500000, 1.600631e-02,
19315000000, 1.208693e-02,
19342500000, 1.658398e-02,
19370000000, 1.751326e-02,
19397500000, 1.021707e-02,
19425000000, 1.118076e-02,
19452500000, 1.752873e-02,
19480000000, 1.033018e-02,
19507500000, 1.489407e-02,
19535000000, 1.422535e-02,
19562500000, 1.378309e-02,
19590000000, 1.153654e-02,
19617500000, 1.644009e-02,
19645000000, 1.162225e-02,
19672500000, 1.181690e-02,
19700000000, 1.315962e-02,
19727500000, 1.431204e-02,
19755000000, 1.381664e-02,
19782500000, 1.219070e-02,
19810000000, 1.163929e-02,
19837500000, 1.669590e-02,
19865000000, 9.147779e-03,
19892500000, 1.598413e-02,
19920000000, 1.390489e-02,
19947500000, 1.081462e-02,
19975000000, 1.503028e-02,
20002500000, 1.867019e-02,
20030000000, 1.707494e-02,
20057500000, 1.593306e-02,
20085000000, 1.889700e-02,
20112500000, 1.786697e-02,
20140000000, 1.307962e-02,
20167500000, 2.079765e-02,
20195000000, 1.581081e-02,
20222500000, 1.758390e-02,
20250000000, 2.134995e-02,
20277500000, 2.017364e-02,
20305000000, 2.049828e-02,
20332500000, 2.256046e-02,
20360000000, 1.950470e-02,
20387500000, 2.067914e-02,
20415000000, 2.070078e-02,
20442500000, 2.457379e-02,
20470000000, 2.029834e-02,
20497500000, 2.023496e-02,
20525000000, 2.649202e-02,
20552500000, 2.360380e-02,
20580000000, 2.418973e-02,
20607500000, 2.516885e-02,
20635000000, 2.296423e-02,
20662500000, 2.677657e-02,
20690000000, 3.012491e-02,
20717500000, 2.815325e-02,
20745000000, 2.852924e-02,
20772500000, 2.905948e-02,
20800000000, 3.062874e-02,
20827500000, 3.046577e-02,
20855000000, 2.840580e-02,
20882500000, 2.993056e-02,
20910000000, 3.222569e-02,
20937500000, 3.170149e-02,
20965000000, 3.237369e-02,
20992500000, 3.406555e-02,
21020000000, 2.913816e-02,
21047500000, 3.055677e-02,
21075000000, 3.021334e-02,
21102500000, 3.301496e-02,
21130000000, 3.461669e-02,
21157500000, 2.968221e-02,
21185000000, 3.459563e-02,
21212500000, 3.408970e-02,
21240000000, 3.228633e-02,
21267500000, 3.426383e-02,
21295000000, 3.291580e-02,
21322500000, 3.574494e-02,
21350000000, 3.747706e-02,
21377500000, 3.327237e-02,
21405000000, 3.082820e-02,
21432500000, 3.167374e-02,
21460000000, 3.104924e-02,
21487500000, 3.483291e-02,
21515000000, 3.532798e-02,
21542500000, 3.281406e-02,
21570000000, 3.263011e-02,
21597500000, 3.311875e-02,
21625000000, 3.512102e-02,
21652500000, 3.705975e-02,
21680000000, 3.395922e-02,
21707500000, 4.091103e-02,
21735000000, 3.975129e-02,
21762500000, 3.675740e-02,
21790000000, 3.856865e-02,
21817500000, 3.835980e-02,
21845000000, 3.970204e-02,
21872500000, 3.891501e-02,
21900000000, 4.403838e-02,
21927500000, 4.117361e-02,
21955000000, 4.271492e-02,
21982500000, 4.404145e-02,
22010000000, 4.512115e-02,
22037500000, 4.158591e-02,
22065000000, 4.816509e-02,
22092500000, 4.536401e-02,
22120000000, 4.413627e-02,
22147500000, 4.708052e-02,
22175000000, 5.116341e-02,
22202500000, 4.652891e-02,
22230000000, 4.962970e-02,
22257500000, 5.577251e-02,
22285000000, 4.921304e-02,
22312500000, 5.057138e-02,
22340000000, 5.066144e-02,
22367500000, 5.280704e-02,
22395000000, 4.761003e-02,
22422500000, 5.951736e-02,
22450000000, 5.362173e-02,
22477500000, 4.698475e-02,
22505000000, 5.606077e-02,
22532500000, 5.757432e-02,
22560000000, 5.291036e-02,
22587500000, 5.485344e-02,
22615000000, 6.055900e-02,
22642500000, 5.353019e-02,
22670000000, 5.216869e-02,
22697500000, 6.253030e-02,
22725000000, 5.992690e-02,
22752500000, 5.114857e-02,
22780000000, 6.453029e-02,
22807500000, 6.397630e-02,
22835000000, 5.619416e-02,
22862500000, 6.529127e-02,
22890000000, 6.375489e-02,
22917500000, 6.160091e-02,
22945000000, 6.610668e-02,
22972500000, 7.109419e-02,
23000000000, 5.905313e-02,
23027500000, 6.211437e-02,
23055000000, 7.293751e-02,
23082500000, 7.022928e-02,
23110000000, 5.777715e-02,
23137500000, 7.561707e-02,
23165000000, 7.099538e-02,
23192500000, 5.899491e-02,
23220000000, 7.654195e-02,
23247500000, 7.395864e-02,
23275000000, 6.070247e-02,
23302500000, 6.850814e-02,
23330000000, 8.204131e-02,
23357500000, 6.409874e-02,
23385000000, 7.235456e-02,
23412500000, 8.038685e-02,
23440000000, 7.404567e-02,
23467500000, 6.682047e-02,
23495000000, 7.758969e-02,
23522500000, 7.680594e-02,
23550000000, 6.979066e-02,
23577500000, 7.778548e-02,
23605000000, 7.667726e-02,
23632500000, 6.943657e-02,
23660000000, 7.233062e-02,
23687500000, 7.797770e-02,
23715000000, 7.225272e-02,
23742500000, 6.817433e-02,
23770000000, 7.691937e-02,
23797500000, 6.583336e-02,
23825000000, 6.473381e-02,
23852500000, 7.662486e-02,
23880000000, 7.041115e-02,
23907500000, 6.453692e-02,
23935000000, 7.499937e-02,
23962500000, 7.110132e-02,
23990000000, 6.104911e-02,
24017500000, 6.710647e-02,
24045000000, 7.304442e-02,
24072500000, 6.156110e-02,
24100000000, 6.567783e-02,
24127500000, 7.440753e-02,
24155000000, 6.461445e-02,
24182500000, 6.687757e-02,
24210000000, 6.185918e-02,
24237500000, 6.552484e-02,
24265000000, 6.556513e-02,
24292500000, 6.933262e-02,
24320000000, 6.591291e-02,
24347500000, 6.519131e-02,
24375000000, 6.895404e-02,
24402500000, 6.716051e-02,
24430000000, 6.399824e-02,
24457500000, 6.373755e-02,
24485000000, 6.858764e-02,
24512500000, 6.653599e-02,
24540000000, 6.517040e-02,
24567500000, 6.673992e-02,
24595000000, 6.391662e-02,
24622500000, 6.868549e-02,
24650000000, 6.814426e-02,
24677500000, 7.103510e-02,
24705000000, 7.386956e-02,
24732500000, 6.545039e-02,
24760000000, 6.503014e-02,
24787500000, 6.219705e-02,
24815000000, 6.886384e-02,
24842500000, 6.820440e-02,
24870000000, 6.592668e-02,
24897500000, 7.091643e-02,
24925000000, 7.212186e-02,
24952500000, 7.351784e-02,
24980000000, 6.732669e-02,
25007500000, 6.820899e-02,
25035000000, 6.735371e-02,
25062500000, 7.010906e-02,
25090000000, 7.171143e-02,
25117500000, 6.851731e-02,
25145000000, 6.847247e-02,
25172500000, 6.592770e-02,
25200000000, 6.299875e-02,
25227500000, 6.662572e-02,
25255000000, 7.420854e-02,
25282500000, 6.170249e-02,
25310000000, 6.406354e-02,
25337500000, 7.025679e-02,
25365000000, 6.688675e-02,
25392500000, 6.442878e-02,
25420000000, 6.470678e-02,
25447500000, 7.133254e-02,
25475000000, 7.056447e-02,
25502500000, 7.086652e-02,
25530000000, 6.760399e-02,
25557500000, 6.151261e-02,
25585000000, 7.188915e-02,
25612500000, 6.634989e-02,
25640000000, 6.125585e-02,
25667500000, 6.796843e-02,
25695000000, 7.291969e-02,
25722500000, 6.914257e-02,
25750000000, 7.237950e-02,
25777500000, 7.519528e-02,
25805000000, 6.285894e-02,
25832500000, 6.763916e-02,
25860000000, 6.759889e-02,
25887500000, 7.426096e-02,
25915000000, 7.246402e-02,
25942500000, 7.371788e-02,
25970000000, 7.676017e-02,
25997500000, 6.569771e-02,
26025000000, 7.105497e-02,
26052500000, 7.065769e-02,
26080000000, 7.278834e-02,
26107500000, 7.343385e-02,
26135000000, 6.975449e-02,
26162500000, 6.983447e-02,
26190000000, 6.943147e-02,
26217500000, 6.581908e-02,
26245000000, 7.092000e-02,
26272500000, 6.164685e-02,
26300000000, 7.174402e-02,
26327500000, 7.450423e-02,
26355000000, 6.729508e-02,
26382500000, 6.381612e-02,
26410000000, 7.430117e-02,
26437500000, 6.884804e-02,
26465000000, 6.763406e-02,
26492500000, 7.631812e-02,
26520000000, 6.936676e-02,
26547500000, 6.617908e-02,
26575000000, 7.087161e-02,
26602500000, 7.813635e-02,
26630000000, 7.857566e-02,
26657500000, 6.227259e-02,
26685000000, 8.305827e-02,
26712500000, 7.468998e-02,
26740000000, 7.144916e-02,
26767500000, 7.147768e-02,
26795000000, 6.838991e-02,
26822500000, 7.806771e-02,
26850000000, 6.488071e-02,
26877500000, 5.899899e-02,
26905000000, 6.989561e-02,
26932500000, 7.819940e-02,
26960000000, 7.609531e-02,
26987500000, 5.936467e-02,
27015000000, 7.685935e-02,
27042500000, 5.781751e-02,
27070000000, 7.382834e-02,
27097500000, 6.662878e-02,
27125000000, 6.878435e-02,
27152500000, 7.235251e-02,
27180000000, 6.019446e-02,
27207500000, 7.032098e-02,
27235000000, 7.736847e-02,
27262500000, 7.256891e-02,
27290000000, 7.585620e-02,
27317500000, 7.359776e-02,
27345000000, 8.967791e-02,
27372500000, 7.375301e-02,
27400000000, 6.612350e-02,
27427500000, 5.951685e-02,
27455000000, 7.801940e-02,
27482500000, 5.723916e-02,
27510000000, 7.785820e-02,
27537500000, 6.941720e-02,
27565000000, 7.342774e-02,
27592500000, 6.211335e-02,
27620000000, 7.243551e-02,
27647500000, 5.433758e-02,
27675000000, 6.309978e-02,
27702500000, 7.986639e-02,
27730000000, 7.105446e-02,
27757500000, 5.948008e-02,
27785000000, 6.282781e-02,
27812500000, 7.351682e-02,
27840000000, 6.639577e-02,
27867500000, 6.450887e-02,
27895000000, 6.508676e-02,
27922500000, 7.588469e-02,
27950000000, 8.412221e-02,
27977500000, 7.418106e-02,
28005000000, 6.996489e-02,
28032500000, 8.578439e-02,
28060000000, 6.174383e-02,
28087500000, 7.620977e-02,
28115000000, 7.198234e-02,
28142500000, 6.086992e-02,
28170000000, 5.674352e-02,
28197500000, 6.023224e-02,
28225000000, 5.987124e-02,
28252500000, 6.683118e-02,
28280000000, 7.171347e-02,
28307500000, 9.011505e-02,
28335000000, 6.904983e-02,
28362500000, 8.113184e-02,
28390000000, 8.640767e-02,
28417500000, 9.540176e-02,
28445000000, 6.577931e-02,
28472500000, 6.911760e-02,
28500000000, 6.537083e-02,
28527500000, 8.550267e-02,
28555000000, 6.844444e-02,
28582500000, 8.518641e-02,
28610000000, 7.359572e-02,
28637500000, 7.504313e-02,
28665000000, 9.539012e-02,
28692500000, 7.466403e-02,
28720000000, 7.557790e-02,
28747500000, 8.492343e-02,
28775000000, 8.114658e-02,
28802500000, 7.732778e-02,
28830000000, 7.403651e-02,
28857500000, 7.327350e-02,
28885000000, 7.412303e-02,
28912500000, 7.084309e-02,
28940000000, 7.312486e-02,
28967500000, 7.318696e-02,
28995000000, 7.347712e-02,
29022500000, 7.644530e-02,
29050000000, 6.657219e-02,
29077500000, 6.186020e-02,
29105000000, 7.237543e-02,
29132500000, 6.515612e-02,
29160000000, 6.126300e-02,
29187500000, 7.751545e-02,
29215000000, 7.365578e-02,
29242500000, 9.265026e-02,
29270000000, 8.490159e-02,
29297500000, 6.975652e-02,
29325000000, 7.787345e-02,
29352500000, 9.854075e-02,
29380000000, 6.830582e-02,
29407500000, 5.931411e-02,
29435000000, 7.366953e-02,
29462500000, 8.913271e-02,
29490000000, 6.675522e-02,
29517500000, 8.369870e-02,
29545000000, 7.540949e-02,
29572500000, 6.449153e-02,
29600000000, 6.513776e-02,
29627500000, 6.788789e-02,
29655000000, 8.174004e-02,
29682500000, 9.565449e-02,
29710000000, 9.115851e-02,
29737500000, 6.308396e-02,
29765000000, 6.990784e-02,
29792500000, 8.382820e-02,
29820000000, 7.521309e-02,
29847500000, 7.130860e-02,
29875000000, 5.186534e-02,
29902500000, 7.555450e-02,
29930000000, 7.073001e-02,
29957500000, 6.332939e-02,
29985000000, 8.578540e-02,
30012500000, 6.386101e-02,
30040000000, 7.340077e-02,
30067500000, 9.667636e-02,
30095000000, 6.438237e-02,
30122500000, 7.954006e-02,
30150000000, 8.729625e-02,
30177500000, 9.016120e-02,
30205000000, 8.641072e-02,
30232500000, 8.989852e-02,
30260000000, 7.957462e-02,
30287500000, 7.134272e-02,
30315000000, 6.908703e-02,
30342500000, 8.240505e-02,
30370000000, 6.418444e-02,
30397500000, 8.697098e-02,
30425000000, 7.878361e-02,
30452500000, 5.675425e-02,
30480000000, 9.167609e-02,
30507500000, 8.076292e-02,
30535000000, 8.890548e-02,
30562500000, 8.702224e-02,
30590000000, 8.202709e-02,
30617500000, 6.146463e-02,
30645000000, 6.116754e-02,
30672500000, 7.656687e-02,
30700000000, 8.218559e-02,
30727500000, 7.207043e-02,
30755000000, 8.515087e-02,
30782500000, 7.185707e-02,
30810000000, 7.697379e-02,
30837500000, 6.500872e-02,
30865000000, 7.804940e-02,
30892500000, 8.841547e-02,
30920000000, 7.059809e-02,
30947500000, 7.510725e-02,
30975000000, 7.344098e-02,
31002500000, 8.690197e-02,
31030000000, 7.298943e-02,
31057500000, 5.608684e-02,
31085000000, 7.506603e-02,
31112500000, 1.005976e-01,
31140000000, 7.242278e-02,
31167500000, 6.599501e-02,
31195000000, 7.826703e-02,
31222500000, 8.245584e-02,
31250000000, 9.196755e-02,
31277500000, 7.324143e-02,
31305000000, 6.654873e-02,
31332500000, 6.044107e-02,
31360000000, 5.879623e-02,
31387500000, 7.372552e-02,
31415000000, 1.007104e-01,
31442500000, 6.682761e-02,
31470000000, 8.298208e-02,
31497500000, 7.320783e-02,
31525000000, 6.660584e-02,
31552500000, 8.589403e-02,
31580000000, 7.506603e-02,
31607500000, 8.934674e-02,
31635000000, 7.489913e-02,
31662500000, 7.995534e-02,
31690000000, 9.622065e-02,
31717500000, 6.614491e-02,
31745000000, 7.951871e-02,
31772500000, 9.387652e-02,
31800000000, 6.934384e-02,
31827500000, 7.159939e-02,
31855000000, 8.165722e-02,
31882500000, 6.841998e-02,
31910000000, 8.676901e-02,
31937500000, 6.111853e-02,
31965000000, 5.915068e-02,
31992500000, 7.152708e-02,
32020000000, 8.891207e-02,
32047500000, 6.766108e-02,
32075000000, 7.014472e-02,
32102500000, 6.486847e-02,
32130000000, 7.468234e-02,
32157500000, 7.420345e-02,
32185000000, 7.368785e-02,
32212500000, 9.309772e-02,
32240000000, 5.568767e-02,
32267500000, 6.565131e-02,
32295000000, 7.920506e-02,
32322500000, 5.589927e-02,
32350000000, 6.868141e-02,
32377500000, 7.378355e-02,
32405000000, 4.962254e-02,
32432500000, 8.233596e-02,
32460000000, 6.286557e-02,
32487500000, 7.300675e-02,
32515000000, 6.234403e-02,
32542500000, 8.758546e-02,
32570000000, 8.900895e-02,
32597500000, 5.992179e-02,
32625000000, 8.649953e-02,
32652500000, 6.745464e-02,
32680000000, 9.308962e-02,
32707500000, 6.671392e-02,
32735000000, 9.687079e-02,
32762500000, 6.637640e-02,
32790000000, 6.678683e-02,
32817500000, 8.782596e-02,
32845000000, 6.724921e-02,
32872500000, 9.038380e-02,
32900000000, 4.785326e-02,
32927500000, 1.121493e-01,
32955000000, 8.221048e-02,
32982500000, 7.730795e-02,
33010000000, 7.007951e-02,
33037500000, 8.565597e-02,
33065000000, 8.405925e-02,
33092500000, 8.532297e-02,
33120000000, 7.259182e-02,
33147500000, 7.087263e-02,
33175000000, 7.844957e-02,
33202500000, 8.646604e-02,
33230000000, 7.487775e-02,
33257500000, 8.813950e-02,
33285000000, 5.776642e-02,
33312500000, 8.769405e-02,
33340000000, 6.706161e-02,
33367500000, 8.993047e-02,
33395000000, 6.459558e-02,
33422500000, 8.886693e-02,
33450000000, 8.108407e-02,
33477500000, 6.652273e-02,
33505000000, 8.261535e-02,
33532500000, 8.096720e-02,
33560000000, 9.940206e-02,
33587500000, 9.364548e-02,
33615000000, 5.868028e-02,
33642500000, 9.017691e-02,
33670000000, 8.669136e-02,
33697500000, 8.175375e-02,
33725000000, 8.582144e-02,
33752500000, 1.138588e-01,
33780000000, 8.931885e-02,
33807500000, 7.401921e-02,
33835000000, 8.207738e-02,
33862500000, 7.759223e-02,
33890000000, 7.353464e-02,
33917500000, 8.018914e-02,
33945000000, 9.776077e-02,
33972500000, 9.802702e-02,
34000000000, 7.495306e-02,
34027500000, 7.758918e-02,
34055000000, 1.037217e-01,
34082500000, 7.388993e-02,
34110000000, 9.336832e-02,
34137500000, 9.620799e-02,
34165000000, 6.160193e-02,
34192500000, 8.550724e-02,
34220000000, 7.287692e-02,
34247500000, 8.715925e-02,
34275000000, 9.916777e-02,
34302500000, 8.294551e-02,
34330000000, 6.878740e-02,
34357500000, 8.558795e-02,
34385000000, 9.200151e-02,
34412500000, 8.100633e-02,
34440000000, 5.680944e-02,
34467500000, 8.564784e-02,
34495000000, 7.700024e-02,
34522500000, 8.081983e-02,
34550000000, 7.063934e-02,
34577500000, 6.498322e-02,
34605000000, 5.364883e-02,
34632500000, 8.726783e-02,
34660000000, 4.535478e-02,
34687500000, 7.353514e-02,
34715000000, 6.342633e-02,
34742500000, 1.233780e-01,
34770000000, 5.092548e-02,
34797500000, 5.787064e-02,
34825000000, 9.102873e-02,
34852500000, 6.313601e-02,
34880000000, 7.825635e-02,
34907500000, 4.946130e-02,
34935000000, 4.108027e-02,
34962500000, 6.123543e-02,
34990000000, 5.443626e-02,
35017500000, 6.468637e-02,
35045000000, 6.899785e-02,
35072500000, 6.142583e-02,
35100000000, 6.069787e-02,
35127500000, 4.587478e-02,
35155000000, 4.331826e-02,
35182500000, 7.436682e-02,
35210000000, 5.922269e-02,
35237500000, 7.777327e-02,
35265000000, 8.088945e-02,
35292500000, 7.016815e-02,
35320000000, 5.871604e-02,
35347500000, 5.973490e-02,
35375000000, 7.967832e-02,
35402500000, 6.415027e-02,
35430000000, 4.000983e-02,
35457500000, 5.744455e-02,
35485000000, 7.334477e-02,
35512500000, 7.005150e-02,
35540000000, 6.479196e-02,
35567500000, 3.959071e-02,
35595000000, 6.385285e-02,
35622500000, 5.027559e-02,
35650000000, 8.076292e-02,
35677500000, 9.776280e-02,
35705000000, 7.114257e-02,
35732500000, 7.075141e-02,
35760000000, 9.322999e-02,
35787500000, 8.645132e-02,
35815000000, 8.900084e-02,
35842500000, 4.756651e-02,
35870000000, 9.486234e-02,
35897500000, 9.360748e-02,
35925000000, 7.467471e-02,
35952500000, 5.971907e-02,
35980000000, 8.461525e-02,
36007500000, 7.006983e-02,
36035000000, 6.827626e-02,
36062500000, 7.084665e-02,
36090000000, 7.586689e-02,
36117500000, 5.241576e-02,
36145000000, 8.276113e-02,
36172500000, 4.477016e-02,
36200000000, 9.260312e-02,
36227500000, 4.205406e-02,
36255000000, 1.087374e-01,
36282500000, 5.784816e-02,
36310000000, 3.267892e-02,
36337500000, 6.816822e-02,
36365000000, 7.772954e-02,
36392500000, 5.148113e-02,
36420000000, 6.674196e-02,
36447500000, 9.154936e-02,
36475000000, 6.521273e-02,
36502500000, 7.092000e-02,
36530000000, 7.152300e-02,
36557500000, 6.525353e-02,
36585000000, 9.260312e-02,
36612500000, 9.479852e-02,
36640000000, 5.943207e-02,
36667500000, 7.646921e-02,
36695000000, 5.392189e-02,
36722500000, 9.496922e-02,
36750000000, 5.155378e-02,
36777500000, 1.326505e-01,
36805000000, 5.305305e-02,
36832500000, 7.340534e-02,
36860000000, 7.211422e-02,
36887500000, 1.019971e-01,
36915000000, 6.664357e-02,
36942500000, 6.996184e-02,
36970000000, 8.287592e-02,
36997500000, 7.414899e-02,
37025000000, 7.802652e-02,
37052500000, 5.741083e-02,
37080000000, 7.129740e-02,
37107500000, 4.392819e-02,
37135000000, 8.813797e-02,
37162500000, 8.439133e-02,
37190000000, 5.879776e-02,
37217500000, 9.530402e-02,
37245000000, 7.562166e-02,
37272500000, 5.320341e-02,
37300000000, 8.916771e-02,
37327500000, 7.244468e-02,
37355000000, 7.711722e-02,
37382500000, 5.856945e-02,
37410000000, 8.019676e-02,
37437500000, 5.470058e-02,
37465000000, 6.513776e-02,
37492500000, 6.782826e-02,
37520000000, 6.506636e-02,
37547500000, 4.999718e-02,
37575000000, 8.857779e-02,
37602500000, 6.353959e-02,
37630000000, 5.833244e-02,
37657500000, 8.258589e-02,
37685000000, 6.709883e-02,
37712500000, 5.687536e-02,
37740000000, 7.810736e-02,
37767500000, 6.783540e-02,
37795000000, 6.308754e-02,
37822500000, 4.310759e-02,
37850000000, 5.254108e-02,
37877500000, 6.056819e-02,
37905000000, 5.333586e-02,
37932500000, 9.002428e-02,
37960000000, 6.963323e-02,
37987500000, 7.346389e-02,
38015000000, 5.546584e-02,
38042500000, 7.528178e-02,
38070000000, 4.820810e-02,
38097500000, 4.821629e-02,
38125000000, 7.241158e-02,
38152500000, 3.658645e-02,
38180000000, 5.781955e-02,
38207500000, 5.242394e-02,
38235000000, 4.619750e-02,
38262500000, 8.370885e-02,
38290000000, 8.996850e-02,
38317500000, 7.692140e-02,
38345000000, 5.647217e-02,
38372500000, 3.462183e-02,
38400000000, 6.533513e-02,
38427500000, 9.227369e-02,
38455000000, 7.102950e-02,
38482500000, 6.657219e-02,
38510000000, 5.323614e-02,
38537500000, 8.173292e-02,
38565000000, 9.720493e-02,
38592500000, 7.342112e-02,
38620000000, 8.848649e-02,
38647500000, 7.762376e-02,
38675000000, 1.122754e-01,
38702500000, 1.265793e-01,
38730000000, 6.624486e-02,
38757500000, 6.328347e-02,
38785000000, 3.529255e-02,
38812500000, 9.349601e-02,
38840000000, 4.519134e-02,
38867500000, 5.187659e-02,
38895000000, 5.451244e-02,
38922500000, 6.395539e-02,
38950000000, 6.636161e-02,
38977500000, 3.083540e-02,
39005000000, 7.945059e-02,
39032500000, 3.112583e-02,
39060000000, 7.307038e-02,
39087500000, 4.990352e-02,
39115000000, 4.834787e-02,
39142500000, 4.722852e-02,
39170000000, 5.956230e-02,
39197500000, 6.351766e-02,
39225000000, 4.965785e-02,
39252500000, 1.810723e-02,
39280000000, 8.271186e-02,
39307500000, 6.068664e-02,
39335000000, 9.454169e-02,
39362500000, 6.380489e-02,
39390000000, 1.125342e-01,
39417500000, 6.712839e-02,
39445000000, 7.099589e-02,
39472500000, 8.493257e-02,
39500000000, 3.816685e-02,
39527500000, 3.287007e-02,
39555000000, 8.989801e-02,
39582500000, 5.723405e-02,
39610000000, 5.305612e-02,
39637500000, 9.377772e-02,
39665000000, 8.408210e-02,
39692500000, 2.819646e-02,
39720000000, 7.348068e-02,
39747500000, 9.592036e-02,
39775000000, 3.819456e-02,
39802500000, 1.041508e-01,
39830000000, 7.015797e-02,
39857500000, 5.676549e-02,
39885000000, 6.673890e-02,
39912500000, 8.327159e-02,
39940000000, 7.211880e-02,
39967500000, 4.612169e-02,
39995000000, 9.525084e-02,
40022500000, 4.946591e-02,
40050000000, 3.880880e-02,
40077500000, 1.218117e-01,
40105000000, 6.259001e-02,
40132500000, 5.573265e-02,
40160000000, 9.604443e-02,
40187500000, 5.934934e-02,
40215000000, 4.675018e-02,
40242500000, 9.562512e-02,
40270000000, 1.202726e-01,
40297500000, 9.082086e-02,
40325000000, 5.271754e-02,
40352500000, 6.718498e-02,
40380000000, 6.592005e-02,
40407500000, 1.994431e-02,
40435000000, 4.109771e-02,
40462500000, 1.075557e-01,
40490000000, 8.665635e-02,
40517500000, 1.261856e-01,
40545000000, 7.544002e-02,
40572500000, 6.851630e-02,
40600000000, 1.227686e-01,
40627500000, 4.079922e-02,
40655000000, 7.265750e-02,
40682500000, 1.404689e-01,
40710000000, 5.072643e-02,
40737500000, 2.934180e-02,
40765000000, 9.125889e-02,
40792500000, 7.299351e-02,
40820000000, 6.352327e-02,
40847500000, 9.776887e-02,
40875000000, 8.551790e-02,
40902500000, 3.908895e-02,
40930000000, 1.143238e-01,
40957500000, 5.215948e-02,
40985000000, 4.979144e-02,
41012500000, 6.790625e-02,
41040000000, 7.156069e-02,
41067500000, 5.207713e-02,
41095000000, 8.561282e-02,
41122500000, 1.150781e-01,
41150000000, 8.744695e-02,
41177500000, -4.952479e-03,
41205000000, 1.002247e-01,
41232500000, 1.101499e-01,
41260000000, 6.362990e-02,
41287500000, 2.960200e-02,
41315000000, 5.169856e-02,
41342500000, 1.887278e-02,
41370000000, 5.489893e-02,
41397500000, 1.330914e-01,
41425000000, 8.276367e-02,
41452500000, 1.088051e-01,
41480000000, 5.382218e-02,
41507500000, 1.021033e-01,
41535000000, 1.076098e-01,
41562500000, 1.358866e-01,
41590000000, 9.629813e-02,
41617500000, 1.094291e-01,
41645000000, 8.374135e-02,
41672500000, 1.152041e-01,
41700000000, 7.309533e-02,
41727500000, 6.232311e-02,
41755000000, 5.552666e-02,
41782500000, 5.866956e-02,
41810000000, 3.396333e-02,
41837500000, 1.199906e-01,
41865000000, 1.043702e-01,
41892500000, 9.305617e-02,
41920000000, 4.858031e-02,
41947500000, 1.165969e-01,
41975000000, 1.468201e-02,
42002500000, 1.113425e-01,
42030000000, 1.181006e-01,
42057500000, 7.696667e-02,
42085000000, 8.438727e-02,
42112500000, 7.259131e-02,
42140000000, 6.841590e-02,
42167500000, 1.001337e-01,
42195000000, 6.777933e-02,
42222500000, 1.151048e-01,
42250000000, 7.003520e-02,
42277500000, 5.201523e-02,
42305000000, 1.039522e-01,
42332500000, 6.399927e-02,
42360000000, 1.107278e-01,
42387500000, 5.959141e-02,
42415000000, 5.330416e-02,
42442500000, 4.411782e-02,
42470000000, 1.353808e-01,
42497500000, 6.036142e-02,
42525000000, 1.199412e-01,
42552500000, 4.972132e-02,
42580000000, 1.179918e-01,
42607500000, 5.431151e-02,
42635000000, 4.550029e-02,
42662500000, 1.036449e-01,
42690000000, 1.247637e-01,
42717500000, 5.290064e-02,
42745000000, 6.539378e-02,
42772500000, 5.976043e-02,
42800000000, 2.946625e-02,
42827500000, 7.932147e-02,
42855000000, 2.103929e-02,
42882500000, 7.588774e-02,
42910000000, 9.516422e-02,
42937500000, 8.881062e-02,
42965000000, 1.216552e-01,
42992500000, 8.058352e-02,
43020000000, 8.553871e-02,
43047500000, 1.306646e-01,
43075000000, 1.342581e-01,
43102500000, 1.575819e-02,
43130000000, 1.077689e-01,
43157500000, 4.191869e-02,
43185000000, 7.069079e-02,
43212500000, 1.681297e-02,
43240000000, 1.149883e-01,
43267500000, 1.043980e-01,
43295000000, 1.075416e-01,
43322500000, 8.200219e-02,
43350000000, 3.758382e-02,
43377500000, 1.033213e-01,
43405000000, 5.640574e-02,
43432500000, 3.447677e-03,
43460000000, 6.078977e-02,
43487500000, 6.547946e-02,
43515000000, 9.736846e-02,
43542500000, 9.969553e-02,
43570000000, 5.327654e-02,
43597500000, 8.114708e-02,
43625000000, 1.091045e-01,
43652500000, 1.005156e-01,
43680000000, 8.600316e-02,
43707500000, 1.289742e-01,
43735000000, 6.335898e-02,
43762500000, 7.046361e-02,
43790000000, 1.549716e-01,
43817500000, 1.441540e-01,
43845000000, 1.095810e-01,
43872500000, 6.071319e-02,
43900000000, 8.199152e-02,
43927500000, 7.208163e-02,
43955000000, 7.376929e-02,
43982500000, 2.233641e-02,
44010000000, 1.089454e-01,
44037500000, 1.536291e-01,
44065000000, 7.820449e-02,
44092500000, 1.080194e-01,
44120000000, 7.443298e-02,
44147500000, 5.243417e-02,
44175000000, 1.275854e-01,
44202500000, 6.183264e-02,
44230000000, 8.624120e-02,
44257500000, 1.028233e-01,
44285000000, 9.794401e-02,
44312500000, 6.487816e-02,
44340000000, 7.116396e-02,
44367500000, 1.274336e-01,
44395000000, 8.013628e-02,
44422500000, 7.417342e-02,
44450000000, 6.281710e-02,
44477500000, 8.633662e-02,
44505000000, 6.232209e-02,
44532500000, 2.564649e-02,
44560000000, 2.855701e-02,
44587500000, 1.298004e-01,
44615000000, 1.085107e-01,
44642500000, 1.824831e-01,
44670000000, 1.257289e-01,
44697500000, 1.133398e-01,
44725000000, 8.938732e-02,
44752500000, 2.604586e-02,
44780000000, 6.861567e-02,
44807500000, 7.761461e-02,
44835000000, 1.369738e-01,
44862500000, 1.174622e-01,
44890000000, 1.640394e-01,
44917500000, 7.997008e-02,
44945000000, 6.841438e-02,
44972500000, 1.266749e-01,
45000000000, 9.419873e-02,
